#	Hox1	Hox2	Hox3	Hox4	Hox5	Hox6	Hox7	Hox8	Hox9	Hox10	Hox11	Hox12	Hox13	Hox14	Hox15
Hox1	0.0	182.24	185.02	214.64	200.33	207.22	207.22	210.86	236.23	246.45	252.01	252.01	231.5	246.45	246.45
Hox2	182.24	0.0	214.64	231.5	231.5	231.5	252.01	227.0	264.21	241.2	257.91	246.45	264.21	264.21	257.91
Hox3	185.02	214.64	0.0	146.13	182.24	185.02	176.9	203.71	241.2	270.95	270.95	294.62	264.21	252.01	252.01
Hox4	214.64	231.5	146.13	0.0	153.95	153.95	160.27	179.53	231.5	236.23	257.91	270.95	286.06	246.45	257.91
Hox5	200.33	231.5	182.24	153.95	0.0	148.02	142.44	156.01	187.89	203.71	210.86	252.01	246.45	236.23	246.45
Hox6	207.22	231.5	185.02	153.95	148.02	0.0	127.44	151.93	218.58	252.01	241.2	270.95	294.62	257.91	241.2
Hox7	207.22	252.01	176.9	160.27	142.44	127.44	0.0	137.18	203.71	236.23	222.7	264.21	278.2	246.45	246.45
Hox8	210.86	227.0	203.71	179.53	156.01	151.93	137.18	0.0	214.64	231.5	231.5	252.01	278.2	270.95	241.2
Hox9	236.23	264.21	241.2	231.5	187.89	218.58	203.71	214.64	0.0	174.34	148.02	193.91	218.58	241.2	241.2
Hox10	246.45	241.2	270.95	236.23	203.71	252.01	236.23	231.5	174.34	0.0	160.27	185.02	190.85	222.7	246.45
Hox11	252.01	257.91	270.95	257.91	210.86	241.2	222.7	231.5	148.02	160.27	0.0	164.73	227.0	257.91	264.21
Hox12	252.01	246.45	294.62	270.95	252.01	270.95	264.21	252.01	193.91	185.02	164.73	0.0	241.2	257.91	264.21
Hox13	231.5	264.21	264.21	286.06	246.45	294.62	278.2	278.2	218.58	190.85	227.0	241.2	0.0	158.12	197.06
Hox14	246.45	264.21	252.01	246.45	236.23	257.91	246.45	270.95	241.2	222.7	257.91	257.91	158.12	0.0	190.85
Hox15	246.45	257.91	252.01	257.91	246.45	241.2	246.45	241.2	241.2	246.45	264.21	264.21	197.06	190.85	0.0
