#	ADH7	ADH1C	ADH1B	ADH1A	ADH6	ADH4	ADH5
ADH7	0.0	19.88	20.55	21.91	24.69	24.69	20.55
ADH1C	19.88	0.0	5.02	7.34	25.39	29.01	25.39
ADH1B	20.55	5.02	0.0	4.45	23.98	26.82	23.29
ADH1A	21.91	7.34	4.45	0.0	21.23	26.11	23.98
ADH6	24.69	25.39	23.98	21.23	0.0	17.89	19.21
ADH4	24.69	29.01	26.82	26.11	17.89	0.0	13.4
ADH5	20.55	25.39	23.29	23.98	19.21	13.4	0.0
