#	PSG3	PSG9	PSG1	PSG6	PSG4	PSG5	PSG2	PSG11	PSG7	PSG8
PSG3	0.0	17.82	14.3	15.37	15.91	38.73	43.31	44.04	15.64	14.3
PSG9	17.82	0.0	22.05	17.27	20.05	46.24	51.21	52.4	20.9	19.77
PSG1	14.3	22.05	0.0	18.09	16.45	44.77	45.13	48.13	15.1	12.71
PSG6	15.37	17.27	18.09	0.0	16.45	43.67	47.37	47.75	16.45	16.72
PSG4	15.91	20.05	16.45	16.45	0.0	43.67	46.24	48.51	14.3	16.18
PSG5	38.73	46.24	44.77	43.67	43.67	0.0	75.18	79.31	44.04	43.67
PSG2	43.31	51.21	45.13	47.37	46.24	75.18	0.0	37.36	44.4	44.77
PSG11	44.04	52.4	48.13	47.75	48.51	79.31	37.36	0.0	45.5	46.62
PSG7	15.64	20.9	15.1	16.45	14.3	44.04	44.4	45.5	0.0	15.1
PSG8	14.3	19.77	12.71	16.72	16.18	43.67	44.77	46.62	15.1	0.0
