#	rHOX2A	rHOX3A	rHOX4A	rHOX2B	rHOX4B	rHOX2C	rHOX3C	rHOX4C	rHOX2D	rHOX4D	rHOX2E	rHOX3E	rHOX4E	rHOX2F	rHOX3F	rHOX4F	rHOX3G	rHOX2G	rHOX4G	rHOX2H	rHOX3H
rHOX2A	0.0	160.12	103.5	29.31	106.12	29.31	160.12	106.12	35.42	104.8	26.97	160.12	106.12	31.1	157.8	103.5	162.5	34.16	103.5	37.98	160.12
rHOX3A	160.12	0.0	147.0	160.12	153.33	157.8	15.55	149.06	155.54	151.17	160.12	14.54	151.17	155.54	18.15	147.0	44.0	153.33	149.06	153.33	16.07
rHOX4A	103.5	147.0	0.0	103.5	23.01	103.5	147.0	20.82	100.95	21.91	103.5	147.0	21.36	102.22	147.0	24.12	149.06	102.22	22.46	100.95	147.0
rHOX2B	29.31	160.12	103.5	0.0	106.12	29.31	160.12	106.12	36.05	104.8	29.31	160.12	106.12	32.31	157.8	103.5	162.5	34.79	103.5	38.63	160.12
rHOX4B	106.12	153.33	23.01	106.12	0.0	106.12	153.33	22.46	103.5	20.28	106.12	153.33	21.91	104.8	153.33	22.46	155.54	104.8	20.82	103.5	153.33
rHOX2C	29.31	157.8	103.5	29.31	106.12	0.0	157.8	106.12	35.42	104.8	29.31	157.8	106.12	32.31	155.54	103.5	160.12	32.93	103.5	37.98	157.8
rHOX3C	160.12	15.55	147.0	160.12	153.33	157.8	0.0	149.06	155.54	151.17	160.12	15.55	151.17	155.54	17.1	147.0	44.0	153.33	149.06	153.33	15.55
rHOX4C	106.12	149.06	20.82	106.12	22.46	106.12	149.06	0.0	103.5	22.46	106.12	149.06	20.82	104.8	149.06	23.56	151.17	104.8	21.91	103.5	149.06
rHOX2D	35.42	155.54	100.95	36.05	103.5	35.42	155.54	103.5	0.0	102.22	35.42	155.54	103.5	37.98	155.54	100.95	160.12	32.93	100.95	36.69	155.54
rHOX4D	104.8	151.17	21.91	104.8	20.28	104.8	151.17	22.46	102.22	0.0	104.8	151.17	20.82	103.5	151.17	23.56	153.33	103.5	21.91	102.22	151.17
rHOX2E	26.97	160.12	103.5	29.31	106.12	29.31	160.12	106.12	35.42	104.8	0.0	160.12	106.12	31.1	157.8	103.5	162.5	34.16	103.5	37.98	160.12
rHOX3E	160.12	14.54	147.0	160.12	153.33	157.8	15.55	149.06	155.54	151.17	160.12	0.0	151.17	155.54	18.15	147.0	44.0	153.33	149.06	153.33	16.07
rHOX4E	106.12	151.17	21.36	106.12	21.91	106.12	151.17	20.82	103.5	20.82	106.12	151.17	0.0	104.8	151.17	25.25	153.33	104.8	22.46	103.5	151.17
rHOX2F	31.1	155.54	102.22	32.31	104.8	32.31	155.54	104.8	37.98	103.5	31.1	155.54	104.8	0.0	155.54	102.22	160.12	37.33	102.22	34.79	155.54
rHOX3F	157.8	18.15	147.0	157.8	153.33	155.54	17.1	149.06	155.54	151.17	157.8	18.15	151.17	155.54	0.0	147.0	46.1	153.33	149.06	153.33	17.1
rHOX4F	103.5	147.0	24.12	103.5	22.46	103.5	147.0	23.56	100.95	23.56	103.5	147.0	25.25	102.22	147.0	0.0	149.06	102.22	21.91	100.95	147.0
rHOX3G	162.5	44.0	149.06	162.5	155.54	160.12	44.0	151.17	160.12	153.33	162.5	44.0	153.33	160.12	46.1	149.06	0.0	157.8	151.17	157.8	44.0
rHOX2G	34.16	153.33	102.22	34.79	104.8	32.93	153.33	104.8	32.93	103.5	34.16	153.33	104.8	37.33	153.33	102.22	157.8	0.0	102.22	37.98	153.33
rHOX4G	103.5	149.06	22.46	103.5	20.82	103.5	149.06	21.91	100.95	21.91	103.5	149.06	22.46	102.22	149.06	21.91	151.17	102.22	0.0	100.95	149.06
rHOX2H	37.98	153.33	100.95	38.63	103.5	37.98	153.33	103.5	36.69	102.22	37.98	153.33	103.5	34.79	153.33	100.95	157.8	37.98	100.95	0.0	153.33
rHOX3H	160.12	16.07	147.0	160.12	153.33	157.8	15.55	149.06	155.54	151.17	160.12	16.07	151.17	155.54	17.1	147.0	44.0	153.33	149.06	153.33	0.0
